$ 1 0.0000049999999999999996 0.575460267600573 63 40 50 5e-11
r 352 304 352 368 0 68000
r 352 368 352 432 0 68000
r 352 432 352 496 0 240
g 352 528 352 544 0 0
w 496 336 496 288 0
w 496 288 656 288 2
r -112 -144 -112 -32 0 2200
r -112 -32 -112 64 0 20000
r -112 64 -112 128 0 39000
g -112 128 -112 144 0 0
t -16 -112 -16 -144 1 -1 -0.5694975645022922 -0.6520082069992341 250 default
w -32 -144 -112 -144 2
w -16 -112 -16 -32 0
w -16 -32 -112 -32 2
w 0 -144 112 -144 2
w 352 304 352 144 1
r 144 64 240 64 0 20000
w 144 64 -112 64 2
d 288 64 240 64 2 default
O 832 272 896 272 1 0
r 304 -144 304 48 0 4700
w 112 192 112 48 0
r 112 -144 112 48 0 150000
r 112 320 112 400 0 9088
174 112 192 48 304 1 1000 0.5 VR1
w 16 592 16 400 0
g 112 528 112 544 0 0
w 288 64 832 64 1
w 112 -144 304 -144 1
r 832 -144 832 -48 0 2200
r 832 -48 832 64 0 91000
w 304 -144 832 -144 1
w 912 -48 832 -48 2
w 112 192 16 192 0
w 16 192 16 256 0
w -304 -48 -304 96 0
a -464 -208 -384 -208 9 100 0 1000000 8.67754568824479 1 1
a 496 352 576 352 8 15 0 1000000 -0.0000022952033956913044 6.7284208694040615 100000
w 832 -144 960 -144 2
w 960 -144 960 -64 1
t 912 -48 960 -48 0 -1 -0.5491062316209891 -0.6099997484152269 250 default
r 576 352 576 416 0 4700
r 656 352 656 416 0 4700
w 656 288 656 352 0
r 16 592 480 592 0 2000000
34 Red\sLED 1 9.32e-11 0 3.7635457481926022 5 0.01
162 656 480 656 528 2 Red\sLED 1 0 0 0.01
34 Green\sLED 1 9.32e-11 0 4.024903091817088 5 0.01
162 576 480 576 528 2 Green\sLED 0 1 0 0.01
g 576 528 576 544 0 0
g 656 528 656 544 0 0
r 832 528 832 448 0 0.1
w 16 256 48 256 0
w 352 368 496 368 2
w 112 400 112 528 1
w 352 432 496 432 2
w 736 432 736 304 0
w 656 480 656 416 1
w 576 480 576 416 1
w 352 528 352 496 0
r 832 384 832 272 0 1
r 832 272 832 160 0 220
r 736 272 832 272 0 1000
w 832 448 832 384 0
f 784 144 832 144 32 1.5 80
w 832 128 832 64 1
w 352 144 784 144 0
f 1008 400 1008 448 0 1.5 80
f 912 400 912 448 8 1.5 80
w 928 448 960 448 0
w 960 448 992 448 0
r 960 448 960 368 0 9100
w 912 400 912 368 0
w 912 368 960 368 0
w 960 368 1008 368 2
w 1008 368 1008 400 0
r 960 368 960 240 0 20300
w 896 448 832 448 2
w 1024 448 1056 448 0
d 1056 448 1056 64 2 default
w 1056 64 944 64 0
w 1056 448 1168 448 3
w -112 -144 -112 -208 0
w -112 -208 1168 -208 2
w 1312 448 1168 448 0
O 832 160 896 160 1 0
174 1456 96 1456 192 1 5 0.5198 Batt-Ri
w 1472 144 1472 192 0
w 1472 192 1456 192 0
w 1168 -208 1312 -208 0
r 1168 -208 1168 288 0 10000
w 960 240 960 112 0
w 960 112 960 -32 0
w 496 432 736 432 0
w 480 592 480 480 0
w 480 480 576 480 2
a 736 288 656 288 9 15 0 1000000 0.02366384830967593 0.0006368143527463181 100000
w 944 64 832 64 2
w 1312 -208 1456 -208 0
w 1312 448 1456 448 0
s 1456 448 1456 288 0 1 false
s 1168 448 1168 288 0 1 false
212 1360 0 1376 0 0 1 a
w 1456 96 1456 32 0
w 1456 -208 1456 0 0
172 1360 0 1360 -32 0 7 27.16 43 25 0 0.5 Batt-SoC
w 304 144 304 48 1
w 352 144 304 144 0
34 13V 1 1.7143528192810002e-7 0 2.90252167762359 13.44 0.001
z 304 528 304 144 2 13V
g 304 528 304 544 0 0
w 304 144 256 144 0
r 256 144 256 528 0 68000
g 256 528 256 544 0 0
w 256 144 192 144 0
c 192 144 192 528 0 1e-8 13.433177890426945 0.001
g 192 528 192 544 0 0
g 832 528 832 560 0 0
s 1312 448 1312 288 0 1 false
v 1312 -208 1312 224 0 0 40 42 0 0 0.5
x 1274 475 1360 478 4 12 Reverse\spolarity
x 1142 477 1194 480 4 12 Light\sload
x 1409 477 1502 480 4 12 Simulated\sbattery
O 352 144 432 192 1 0
O 16 400 64 400 1 0
g -96 432 -96 448 0 0
r -96 224 -96 320 0 2200
r -96 144 -96 224 0 4700
w -96 320 -304 320 2
w -96 224 -304 224 2
w 192 144 -96 144 0
407 -400 256 -320 256 1025
207 -208 416 -208 368 4 431_Cathode
207 -400 432 -432 432 4 431_Ref
w -160 416 -208 416 0
w -160 480 -208 480 0
w -208 464 -208 480 0
w -208 432 -208 416 0
d -160 480 -160 416 2 default
t -240 448 -208 448 0 1 -3.545912133337962 0.6117858425821533 100 default
207 -208 528 -208 576 4 431_Anode
w -208 480 -208 528 0
w -432 528 -208 528 0
v -432 528 -432 464 0 0 40 2.5 0 0 0.5
207 16 400 -16 400 4 431_Ref
207 -96 352 -96 384 4 431_Cathode
207 -96 432 -96 400 4 431_Anode
a -400 448 -304 448 9 10 -10 1000000 2.5 2.5007990195540395 1000
r -304 448 -240 448 0 10000
w -96 320 -96 352 1
214 -400 96 -256 96 0 2 a*1400
g -304 128 -304 160 0 0
r -480 96 -400 96 0 100
w -304 224 -304 256 1
w -304 320 -304 288 0
w -400 128 -400 256 0
w -400 288 -480 288 1
v -480 192 -480 96 0 0 40 1 0 0 0.5
w 16 400 16 256 0
g -480 288 -480 304 0 0
w 1024 464 1024 448 0
w 992 464 992 448 0
w 928 448 928 464 0
w 896 448 896 464 0
172 -416 -336 -496 -336 0 7 2.5 5 0 0 0.5 I_limit
w -160 -208 -160 -288 0
w -208 -256 -208 -208 0
f -368 -256 -368 -208 40 50 80
w -352 -208 -208 -208 1
a -288 -288 -368 -288 9 100 -100 1000000 0.008833267263407512 2.5 100000000
a -208 -272 -288 -272 8 10 -10 1000000 42.32155660384724 42.32243993057359 10
w -160 -288 -208 -288 0
r -208 -208 -160 -208 0 0.1
w -464 -192 -464 -48 0
w -464 -48 -304 -48 0
w -416 -336 -288 -336 0
w -288 -336 -288 -304 0
x -418 -100 -224 -97 4 24 Hot-side\scontroller
w -480 96 -480 -224 0
w -480 -224 -464 -224 0
w 1456 192 1456 288 0
r 1312 224 1312 288 0 0.1
d 928 480 896 480 2 default
d 992 480 1024 480 2 default
d -160 -208 -112 -208 2 default
34 fwdrop\q0.001 1 1.7143528192810002e-7 0 0.004458558644583087 0 0.001
d -416 -256 -368 -256 2 fwdrop\q0.001
g -416 -256 -432 -256 0 0
r -368 -288 -368 -256 0 10
b -544 -372 -152 185 0
w -480 192 -480 288 0
x -416 -344 -385 -341 4 12 I_limit
b -512 352 -141 593 0
x -432 395 -364 398 4 24 TL431
w -400 464 -432 464 0
w 112 320 160 320 2
